-6 -12 -8 -2 0
-6 12 8 2 0
6 -12 8 2 0
6 12 -8 2 0
6 12 8 -2 0
6 -12 -8 -2 0
-6 12 -8 -2 0
-6 -12 8 -2 0
-6 -12 -8 2 0
   -12 -8 -2 0
-6    -8 -2 0
-6 -12    -2 0
-6 -12 -8   0
 -8 -14 -10 -4 0
-8 14 10 4 0
8 -14 10 4 0
8 14 -10 4 0
8 14 10 -4 0
8 -14 -10 -4 0
-8 14 -10 -4 0
-8 -14 10 -4 0
-8 -14 -10 4 0
   -14 -10 -4 0
-8    -10 -4 0
-8 -14    -4 0
-8 -14 -10   0
 -16 -22 -18 -12 0
-16 22 18 12 0
16 -22 18 12 0
16 22 -18 12 0
16 22 18 -12 0
16 -22 -18 -12 0
-16 22 -18 -12 0
-16 -22 18 -12 0
-16 -22 -18 12 0
   -22 -18 -12 0
-16    -18 -12 0
-16 -22    -12 0
-16 -22 -18   0
 -18 -24 -20 -14 0
-18 24 20 14 0
18 -24 20 14 0
18 24 -20 14 0
18 24 20 -14 0
18 -24 -20 -14 0
-18 24 -20 -14 0
-18 -24 20 -14 0
-18 -24 -20 14 0
   -24 -20 -14 0
-18    -20 -14 0
-18 -24    -14 0
-18 -24 -20   0
-6 0
-10 0
-2 0
-22 0
 -16 0
-20 0
-4 0
-24 0
12 0
18 0
14 0
8 0
