-14 0
-26 0
 -40 0
-52 0
 -66 0
-78 0
 -92 0
-104 0
 -118 0
-130 0
 -144 0
-156 0
-2 0
-158 0
 -4 0
-160 0
 -6 0
-162 0
 -8 0
-164 0
 -10 0
-166 0
 -12 0
-168 0
-14 -28 -16 -2 0
-14 28 16 2 0
14 -28 16 2 0
14 28 -16 2 0
14 28 16 -2 0
14 -28 -16 -2 0
-14 28 -16 -2 0
-14 -28 16 -2 0
-14 -28 -16 2 0
   -28 -16 -2 0
-14    -16 -2 0
-14 -28    -2 0
-14 -28 -16   0
 -40 -54 -42 -28 0
-40 54 42 28 0
40 -54 42 28 0
40 54 -42 28 0
40 54 42 -28 0
40 -54 -42 -28 0
-40 54 -42 -28 0
-40 -54 42 -28 0
-40 -54 -42 28 0
   -54 -42 -28 0
-40    -42 -28 0
-40 -54    -28 0
-40 -54 -42   0
 -66 -80 -68 -54 0
-66 80 68 54 0
66 -80 68 54 0
66 80 -68 54 0
66 80 68 -54 0
66 -80 -68 -54 0
-66 80 -68 -54 0
-66 -80 68 -54 0
-66 -80 -68 54 0
   -80 -68 -54 0
-66    -68 -54 0
-66 -80    -54 0
-66 -80 -68   0
 -92 -106 -94 -80 0
-92 106 94 80 0
92 -106 94 80 0
92 106 -94 80 0
92 106 94 -80 0
92 -106 -94 -80 0
-92 106 -94 -80 0
-92 -106 94 -80 0
-92 -106 -94 80 0
   -106 -94 -80 0
-92    -94 -80 0
-92 -106    -80 0
-92 -106 -94   0
 -118 -132 -120 -106 0
-118 132 120 106 0
118 -132 120 106 0
118 132 -120 106 0
118 132 120 -106 0
118 -132 -120 -106 0
-118 132 -120 -106 0
-118 -132 120 -106 0
-118 -132 -120 106 0
   -132 -120 -106 0
-118    -120 -106 0
-118 -132    -106 0
-118 -132 -120   0
 -144 -158 -146 -132 0
-144 158 146 132 0
144 -158 146 132 0
144 158 -146 132 0
144 158 146 -132 0
144 -158 -146 -132 0
-144 158 -146 -132 0
-144 -158 146 -132 0
-144 -158 -146 132 0
   -158 -146 -132 0
-144    -146 -132 0
-144 -158    -132 0
-144 -158 -146   0
 -16 -30 -18 -4 0
-16 30 18 4 0
16 -30 18 4 0
16 30 -18 4 0
16 30 18 -4 0
16 -30 -18 -4 0
-16 30 -18 -4 0
-16 -30 18 -4 0
-16 -30 -18 4 0
   -30 -18 -4 0
-16    -18 -4 0
-16 -30    -4 0
-16 -30 -18   0
 -42 -56 -44 -30 0
-42 56 44 30 0
42 -56 44 30 0
42 56 -44 30 0
42 56 44 -30 0
42 -56 -44 -30 0
-42 56 -44 -30 0
-42 -56 44 -30 0
-42 -56 -44 30 0
   -56 -44 -30 0
-42    -44 -30 0
-42 -56    -30 0
-42 -56 -44   0
 -68 -82 -70 -56 0
-68 82 70 56 0
68 -82 70 56 0
68 82 -70 56 0
68 82 70 -56 0
68 -82 -70 -56 0
-68 82 -70 -56 0
-68 -82 70 -56 0
-68 -82 -70 56 0
   -82 -70 -56 0
-68    -70 -56 0
-68 -82    -56 0
-68 -82 -70   0
 -94 -108 -96 -82 0
-94 108 96 82 0
94 -108 96 82 0
94 108 -96 82 0
94 108 96 -82 0
94 -108 -96 -82 0
-94 108 -96 -82 0
-94 -108 96 -82 0
-94 -108 -96 82 0
   -108 -96 -82 0
-94    -96 -82 0
-94 -108    -82 0
-94 -108 -96   0
 -120 -134 -122 -108 0
-120 134 122 108 0
120 -134 122 108 0
120 134 -122 108 0
120 134 122 -108 0
120 -134 -122 -108 0
-120 134 -122 -108 0
-120 -134 122 -108 0
-120 -134 -122 108 0
   -134 -122 -108 0
-120    -122 -108 0
-120 -134    -108 0
-120 -134 -122   0
 -146 -160 -148 -134 0
-146 160 148 134 0
146 -160 148 134 0
146 160 -148 134 0
146 160 148 -134 0
146 -160 -148 -134 0
-146 160 -148 -134 0
-146 -160 148 -134 0
-146 -160 -148 134 0
   -160 -148 -134 0
-146    -148 -134 0
-146 -160    -134 0
-146 -160 -148   0
 -18 -32 -20 -6 0
-18 32 20 6 0
18 -32 20 6 0
18 32 -20 6 0
18 32 20 -6 0
18 -32 -20 -6 0
-18 32 -20 -6 0
-18 -32 20 -6 0
-18 -32 -20 6 0
   -32 -20 -6 0
-18    -20 -6 0
-18 -32    -6 0
-18 -32 -20   0
 -44 -58 -46 -32 0
-44 58 46 32 0
44 -58 46 32 0
44 58 -46 32 0
44 58 46 -32 0
44 -58 -46 -32 0
-44 58 -46 -32 0
-44 -58 46 -32 0
-44 -58 -46 32 0
   -58 -46 -32 0
-44    -46 -32 0
-44 -58    -32 0
-44 -58 -46   0
 -70 -84 -72 -58 0
-70 84 72 58 0
70 -84 72 58 0
70 84 -72 58 0
70 84 72 -58 0
70 -84 -72 -58 0
-70 84 -72 -58 0
-70 -84 72 -58 0
-70 -84 -72 58 0
   -84 -72 -58 0
-70    -72 -58 0
-70 -84    -58 0
-70 -84 -72   0
 -96 -110 -98 -84 0
-96 110 98 84 0
96 -110 98 84 0
96 110 -98 84 0
96 110 98 -84 0
96 -110 -98 -84 0
-96 110 -98 -84 0
-96 -110 98 -84 0
-96 -110 -98 84 0
   -110 -98 -84 0
-96    -98 -84 0
-96 -110    -84 0
-96 -110 -98   0
 -122 -136 -124 -110 0
-122 136 124 110 0
122 -136 124 110 0
122 136 -124 110 0
122 136 124 -110 0
122 -136 -124 -110 0
-122 136 -124 -110 0
-122 -136 124 -110 0
-122 -136 -124 110 0
   -136 -124 -110 0
-122    -124 -110 0
-122 -136    -110 0
-122 -136 -124   0
 -148 -162 -150 -136 0
-148 162 150 136 0
148 -162 150 136 0
148 162 -150 136 0
148 162 150 -136 0
148 -162 -150 -136 0
-148 162 -150 -136 0
-148 -162 150 -136 0
-148 -162 -150 136 0
   -162 -150 -136 0
-148    -150 -136 0
-148 -162    -136 0
-148 -162 -150   0
 -20 -34 -22 -8 0
-20 34 22 8 0
20 -34 22 8 0
20 34 -22 8 0
20 34 22 -8 0
20 -34 -22 -8 0
-20 34 -22 -8 0
-20 -34 22 -8 0
-20 -34 -22 8 0
   -34 -22 -8 0
-20    -22 -8 0
-20 -34    -8 0
-20 -34 -22   0
 -46 -60 -48 -34 0
-46 60 48 34 0
46 -60 48 34 0
46 60 -48 34 0
46 60 48 -34 0
46 -60 -48 -34 0
-46 60 -48 -34 0
-46 -60 48 -34 0
-46 -60 -48 34 0
   -60 -48 -34 0
-46    -48 -34 0
-46 -60    -34 0
-46 -60 -48   0
 -72 -86 -74 -60 0
-72 86 74 60 0
72 -86 74 60 0
72 86 -74 60 0
72 86 74 -60 0
72 -86 -74 -60 0
-72 86 -74 -60 0
-72 -86 74 -60 0
-72 -86 -74 60 0
   -86 -74 -60 0
-72    -74 -60 0
-72 -86    -60 0
-72 -86 -74   0
 -98 -112 -100 -86 0
-98 112 100 86 0
98 -112 100 86 0
98 112 -100 86 0
98 112 100 -86 0
98 -112 -100 -86 0
-98 112 -100 -86 0
-98 -112 100 -86 0
-98 -112 -100 86 0
   -112 -100 -86 0
-98    -100 -86 0
-98 -112    -86 0
-98 -112 -100   0
 -124 -138 -126 -112 0
-124 138 126 112 0
124 -138 126 112 0
124 138 -126 112 0
124 138 126 -112 0
124 -138 -126 -112 0
-124 138 -126 -112 0
-124 -138 126 -112 0
-124 -138 -126 112 0
   -138 -126 -112 0
-124    -126 -112 0
-124 -138    -112 0
-124 -138 -126   0
 -150 -164 -152 -138 0
-150 164 152 138 0
150 -164 152 138 0
150 164 -152 138 0
150 164 152 -138 0
150 -164 -152 -138 0
-150 164 -152 -138 0
-150 -164 152 -138 0
-150 -164 -152 138 0
   -164 -152 -138 0
-150    -152 -138 0
-150 -164    -138 0
-150 -164 -152   0
 -22 -36 -24 -10 0
-22 36 24 10 0
22 -36 24 10 0
22 36 -24 10 0
22 36 24 -10 0
22 -36 -24 -10 0
-22 36 -24 -10 0
-22 -36 24 -10 0
-22 -36 -24 10 0
   -36 -24 -10 0
-22    -24 -10 0
-22 -36    -10 0
-22 -36 -24   0
 -48 -62 -50 -36 0
-48 62 50 36 0
48 -62 50 36 0
48 62 -50 36 0
48 62 50 -36 0
48 -62 -50 -36 0
-48 62 -50 -36 0
-48 -62 50 -36 0
-48 -62 -50 36 0
   -62 -50 -36 0
-48    -50 -36 0
-48 -62    -36 0
-48 -62 -50   0
 -74 -88 -76 -62 0
-74 88 76 62 0
74 -88 76 62 0
74 88 -76 62 0
74 88 76 -62 0
74 -88 -76 -62 0
-74 88 -76 -62 0
-74 -88 76 -62 0
-74 -88 -76 62 0
   -88 -76 -62 0
-74    -76 -62 0
-74 -88    -62 0
-74 -88 -76   0
 -100 -114 -102 -88 0
-100 114 102 88 0
100 -114 102 88 0
100 114 -102 88 0
100 114 102 -88 0
100 -114 -102 -88 0
-100 114 -102 -88 0
-100 -114 102 -88 0
-100 -114 -102 88 0
   -114 -102 -88 0
-100    -102 -88 0
-100 -114    -88 0
-100 -114 -102   0
 -126 -140 -128 -114 0
-126 140 128 114 0
126 -140 128 114 0
126 140 -128 114 0
126 140 128 -114 0
126 -140 -128 -114 0
-126 140 -128 -114 0
-126 -140 128 -114 0
-126 -140 -128 114 0
   -140 -128 -114 0
-126    -128 -114 0
-126 -140    -114 0
-126 -140 -128   0
 -152 -166 -154 -140 0
-152 166 154 140 0
152 -166 154 140 0
152 166 -154 140 0
152 166 154 -140 0
152 -166 -154 -140 0
-152 166 -154 -140 0
-152 -166 154 -140 0
-152 -166 -154 140 0
   -166 -154 -140 0
-152    -154 -140 0
-152 -166    -140 0
-152 -166 -154   0
 -24 -38 -26 -12 0
-24 38 26 12 0
24 -38 26 12 0
24 38 -26 12 0
24 38 26 -12 0
24 -38 -26 -12 0
-24 38 -26 -12 0
-24 -38 26 -12 0
-24 -38 -26 12 0
   -38 -26 -12 0
-24    -26 -12 0
-24 -38    -12 0
-24 -38 -26   0
 -50 -64 -52 -38 0
-50 64 52 38 0
50 -64 52 38 0
50 64 -52 38 0
50 64 52 -38 0
50 -64 -52 -38 0
-50 64 -52 -38 0
-50 -64 52 -38 0
-50 -64 -52 38 0
   -64 -52 -38 0
-50    -52 -38 0
-50 -64    -38 0
-50 -64 -52   0
 -76 -90 -78 -64 0
-76 90 78 64 0
76 -90 78 64 0
76 90 -78 64 0
76 90 78 -64 0
76 -90 -78 -64 0
-76 90 -78 -64 0
-76 -90 78 -64 0
-76 -90 -78 64 0
   -90 -78 -64 0
-76    -78 -64 0
-76 -90    -64 0
-76 -90 -78   0
 -102 -116 -104 -90 0
-102 116 104 90 0
102 -116 104 90 0
102 116 -104 90 0
102 116 104 -90 0
102 -116 -104 -90 0
-102 116 -104 -90 0
-102 -116 104 -90 0
-102 -116 -104 90 0
   -116 -104 -90 0
-102    -104 -90 0
-102 -116    -90 0
-102 -116 -104   0
 -128 -142 -130 -116 0
-128 142 130 116 0
128 -142 130 116 0
128 142 -130 116 0
128 142 130 -116 0
128 -142 -130 -116 0
-128 142 -130 -116 0
-128 -142 130 -116 0
-128 -142 -130 116 0
   -142 -130 -116 0
-128    -130 -116 0
-128 -142    -116 0
-128 -142 -130   0
 -154 -168 -156 -142 0
-154 168 156 142 0
154 -168 156 142 0
154 168 -156 142 0
154 168 156 -142 0
154 -168 -156 -142 0
-154 168 -156 -142 0
-154 -168 156 -142 0
-154 -168 -156 142 0
   -168 -156 -142 0
-154    -156 -142 0
-154 -168    -142 0
-154 -168 -156   0
28 0